-4.270940044090538318e-02 -2.932216038950410594e-02 1.119625667153563292e-01 -4.731688960450219916e-02 -8.956835599934216685e-03 1.961407761560431673e-01 -8.173545241104995807e-02 3.004078122936674755e-01 -4.732454207879624453e-01
-1.343133715345659618e-01 -1.826226263216431944e-01 -6.180510798489685653e-02 -1.490868733354652198e-01 2.388134055338102246e-01 -7.836799282352233803e-03 2.186549193442075822e-01 -8.787347425661906630e-02 -1.622312176642005666e-01
-1.704285193005705690e-01 -1.520035094060420353e-04 -6.821900015363109582e-02 7.467693407543309070e-03 -2.887035776707088525e-02 -2.318739258699822336e-01 -2.874203947543625404e-01 -1.224628336619177638e-01 -3.216624750329362681e-01
6.415766224952859642e-02 2.599752853109582595e-02 -6.533149973813341671e-02 1.073262565874548435e-01 5.339787526156553749e-02 3.046306202566876342e-01 -7.693016126468574245e-02 -3.073232145443079988e-01 -2.186109205936057343e-01
-2.302842138893909998e-02 1.276929227722904681e-01 2.777185362946109071e-01 1.818640027038362084e-01 1.272182376694021011e-01 -1.223301558160870134e-01 1.404274139311389724e-01 -8.023036148436338277e-02 -1.816265474392201595e-01
7.378331414660917187e-02 6.803208797233463445e-02 -1.205757260933554148e-01 4.538151533027812851e-02 -2.926700862997600600e-02 -5.292602746735595304e-02 6.429211202819271054e-02 4.506467504706040961e-03 -1.878891007661622203e-01
1.360290741785938617e-01 -2.484235955153784314e-01 -5.552270402713564701e-02 2.121252028153405855e-01 -1.100967962704589298e-01 -1.068671668916792022e-01 9.880018819118234485e-02 3.707760783676033317e-02 -2.130684637015440031e-01
2.882978110922063686e-01 4.663294438992067470e-02 2.115790394166226426e-02 -2.083822908443747624e-01 1.159538374980020325e-01 -1.276181700285926035e-01 -6.920136984621934328e-02 -3.018265446693435203e-02 -1.990951021168709534e-01
-4.027890775946971202e-02 2.207097686609938714e-01 -2.238492360479785726e-01 2.954963192071718286e-02 -8.689207423703744840e-03 -2.307082796376668313e-02 1.959036714864472728e-01 1.046683120233516673e-01 -1.985687137559880577e-01
-3.111961180148076558e-02 1.013190978198863675e-02 1.036621917848200847e-01 -1.797098951020458801e-01 -3.095560927136329354e-01 8.035121041076528567e-03 1.696595051577022006e-01 -1.789045356531634989e-01 -1.692765731029583498e-01
