-1.523832918519077949e-02 -1.991091424279611000e-01 1.006451136860484902e-01 2.925657276133882267e-01 -4.738092879110402666e-01
2.174589281709798649e-01 1.096938888849400585e-02 -2.166033280257529392e-01 -6.656902418265606136e-02 -1.612949275516737946e-01
-3.943881351023679344e-02 2.287957854969052962e-01 2.762094299480765680e-01 -1.435607011658418530e-01 -3.220996072968740909e-01
6.710497669916998253e-02 -3.025532109829581207e-01 5.148269651344949266e-02 -3.147650003359502846e-01 -2.192354203850868932e-01
1.570511187191077629e-01 1.241093121526711252e-01 -1.441548158152086145e-01 -7.171859756170544109e-02 -1.818650608234159693e-01
-2.195440977860487961e-02 5.364349393300160002e-02 -6.311208288414951739e-02 1.029098047149954419e-02 -1.874847914355494971e-01
-8.471470553401345971e-02 1.057761153242373076e-01 -9.630828756420543868e-02 4.464204414890218797e-02 -2.123630772750217666e-01
9.094195911573298152e-02 1.307418038225125201e-01 7.615762599038319869e-02 -3.381657040700988132e-02 -1.988215285897859952e-01
-1.290284494304241034e-03 2.794265881531889442e-02 -1.897107679501996436e-01 1.172245302041630965e-01 -1.975713330786951216e-01
-3.230742417730695926e-01 -8.356945643569500815e-03 -1.919041004359367253e-01 -1.637163324442870438e-01 -1.675947149454913854e-01
