8.485534154016033739e-03 -1.353980251606127930e-03 1.360470382455064705e-03 -8.986898614410246747e-04 1.883618671386441549e-03 -4.505528539181446416e-04 -5.867777625985387026e-04 2.244076275445490865e-03 -9.023603657994853748e-04 -4.012237469582618761e-04
-1.353980251606127713e-03 9.500258891074364609e-03 1.062330210299966462e-03 -1.020460507969582140e-03 3.474230117902585725e-03 -4.605647245595360711e-04 9.578009206631597208e-04 3.313286248271952154e-05 1.739762636137870411e-03 7.520887379236832447e-05
1.360470382455064488e-03 1.062330210299966462e-03 8.555494473841511460e-03 4.359163048170429226e-04 1.361853938294352480e-03 -5.635581560975393275e-04 7.865654755482354491e-05 -3.077353631115688150e-04 7.731578652409557169e-04 -8.685159473334773308e-04
-8.986898614410233736e-04 -1.020460507969581706e-03 4.359163048170432478e-04 1.147319330794999669e-02 -2.043311628633799441e-03 4.863532761094520578e-04 9.975645399882505579e-04 -7.102046008892304958e-04 3.344052054892249952e-04 2.158020646917357000e-03
1.883618671386439814e-03 3.474230117902584857e-03 1.361853938294352046e-03 -2.043311628633799008e-03 1.008984770563618218e-02 -4.832830517760732165e-04 -7.281022692587948422e-04 1.364700539125202105e-03 8.235809180870260794e-04 -8.683599854340414131e-04
-4.505528539181442621e-04 -4.605647245595356916e-04 -5.635581560975408454e-04 4.863532761094523831e-04 -4.832830517760726202e-04 7.273942434067543449e-03 -1.225367196344469701e-04 -4.020731835219540059e-04 -8.878641580814335046e-04 2.304311235750795481e-04
-5.867777625985402205e-04 9.578009206631596124e-04 7.865654755482561844e-05 9.975645399882492569e-04 -7.281022692587951674e-04 -1.225367196344472141e-04 8.961128158693824203e-03 -4.477379538581604119e-05 3.384277891341738037e-03 2.121469968810596810e-03
2.244076275445492600e-03 3.313286248272021949e-05 -3.077353631115673513e-04 -7.102046008892293032e-04 1.364700539125202972e-03 -4.020731835219546022e-04 -4.477379538581604797e-05 8.909233884490604799e-03 3.807967904512533659e-04 5.582603639282550292e-04
-9.023603657994863506e-04 1.739762636137868459e-03 7.731578652409572348e-04 3.344052054892230979e-04 8.235809180870268384e-04 -8.878641580814335046e-04 3.384277891341739772e-03 3.807967904512535285e-04 1.026629896251718757e-02 1.176625618361688396e-03
-4.012237469582606293e-04 7.520887379236961196e-05 -8.685159473334791739e-04 2.158020646917357867e-03 -8.683599854340405457e-04 2.304311235750797378e-04 2.121469968810595942e-03 5.582603639282538366e-04 1.176625618361687746e-03 9.777624623647940966e-03
