-2.080431492877078334e-02 -1.112948098507230005e-01 -4.910361600667522558e-02 1.523832918518859547e-02 -1.991091424279613498e-01 1.006451136860465195e-01 2.925657276133890039e-01 -4.738092879110402666e-01
-1.858777628876598920e-01 6.405452842879136299e-02 -1.711013882663877106e-01 -2.174589281709820021e-01 1.096938888849431290e-02 -2.166033280257524951e-01 -6.656902418265728261e-02 -1.612949275516737113e-01
5.985148392623739974e-03 6.201112077258102984e-02 1.579548486701058338e-02 3.943881351023696691e-02 2.287957854969054350e-01 2.762094299480779558e-01 -1.435607011658393273e-01 -3.220996072968741464e-01
2.154903370508133575e-02 6.564261507295891807e-02 1.000391500936501366e-01 -6.710497669916724861e-02 -3.025532109829578986e-01 5.148269651345100534e-02 -3.147650003359506732e-01 -2.192354203850874206e-01
1.372865578552685817e-01 -2.793113972944700762e-01 1.454866285276669724e-01 -1.570511187191086233e-01 1.241093121526719301e-01 -1.441548158152080039e-01 -7.171859756170560762e-02 -1.818650608234160526e-01
6.182811596750636268e-02 1.189243388094862880e-01 5.568743918507262913e-02 2.195440977860652412e-02 5.364349393300164859e-02 -6.311208288414929535e-02 1.029098047149879826e-02 -1.874847914355494694e-01
-2.519121826144199439e-01 3.667750522878307495e-02 2.307538954720363411e-01 8.471470553401723447e-02 1.057761153242374602e-01 -9.630828756420531378e-02 4.464204414890216716e-02 -2.123630772750220164e-01
2.654554164643189995e-02 -5.848968458914924904e-04 -2.215180551411894405e-01 -9.094195911573614566e-02 1.307418038225118539e-01 7.615762599038311542e-02 -3.381657040700938172e-02 -1.988215285897860785e-01
2.144141889144095536e-01 2.310345727611632094e-01 3.610691520326309023e-02 1.290284494308255401e-03 2.794265881531802706e-02 -1.897107679502005595e-01 1.172245302041611120e-01 -1.975713330786952604e-01
1.482001929642450151e-02 -1.001349404383501535e-01 -1.500675727628403289e-01 3.230742417730664284e-01 -8.356945643568335080e-03 -1.919041004359350877e-01 -1.637163324442881818e-01 -1.675947149454918295e-01
