-4.100581824245838614e-02 2.080431492877215724e-02 -1.112948098507225286e-01 4.910361600667578763e-02 1.523832918518887997e-02 -1.991091424279613220e-01 1.006451136860472689e-01 -2.925657276133890039e-01 -4.738092879110396005e-01
-1.445588588651903483e-01 1.858777628876595589e-01 6.405452842879473530e-02 1.711013882663883490e-01 -2.174589281709822519e-01 1.096938888849337268e-02 -2.166033280257528282e-01 6.656902418265656096e-02 -1.612949275516739611e-01
-1.746159174199936603e-01 -5.985148392622651435e-03 6.201112077258099514e-02 -1.579548486701034746e-02 3.943881351023666160e-02 2.287957854969056570e-01 2.762094299480774007e-01 1.435607011658399934e-01 -3.220996072968744239e-01
6.344195880654193709e-02 -2.154903370508272700e-02 6.564261507295808540e-02 -1.000391500936506362e-01 -6.710497669916820618e-02 -3.025532109829576766e-01 5.148269651345148412e-02 3.147650003359502291e-01 -2.192354203850869210e-01
-1.199518929535596870e-02 -1.372865578552658061e-01 -2.793113972944736290e-01 -1.454866285276636140e-01 -1.570511187191077074e-01 1.241093121526715137e-01 -1.441548158152081982e-01 7.171859756170634315e-02 -1.818650608234161081e-01
7.715701982531056324e-02 -6.182811596750756311e-02 1.189243388094854276e-01 -5.568743918507408630e-02 2.195440977860696127e-02 5.364349393300172492e-02 -6.311208288414968393e-02 -1.029098047149879479e-02 -1.874847914355496359e-01
1.236714007872720539e-01 2.519121826144194443e-01 3.667750522878262393e-02 -2.307538954720358415e-01 8.471470553401536097e-02 1.057761153242378627e-01 -9.630828756420471704e-02 -4.464204414890148714e-02 -2.123630772750220719e-01
2.875297621914651991e-01 -2.654554164643625758e-02 -5.848968458902015308e-04 2.215180551411902454e-01 -9.094195911573503543e-02 1.307418038225116041e-01 7.615762599038222724e-02 3.381657040700886824e-02 -1.988215285897853846e-01
-3.405564868278804919e-02 -2.144141889144109969e-01 2.310345727611600730e-01 -3.610691520326713561e-02 1.290284494308475277e-03 2.794265881531821788e-02 -1.897107679502008093e-01 -1.172245302041620835e-01 -1.975713330786951494e-01
-2.330411181595416076e-02 -1.482001929642268526e-02 -1.001349404383479330e-01 1.500675727628401623e-01 3.230742417730674276e-01 -8.356945643569960516e-03 -1.919041004359352542e-01 1.637163324442879042e-01 -1.675947149454915241e-01
