-1.112948098507230560e-01 4.910361600667560722e-02 -1.523832918518904823e-02 -1.991091424279601563e-01 -1.006451136860508355e-01 -2.925657276133881712e-01 4.738092879110403777e-01
6.405452842879241770e-02 1.711013882663913466e-01 2.174589281709820854e-01 1.096938888849436841e-02 2.166033280257530502e-01 6.656902418265482624e-02 1.612949275516738779e-01
6.201112077258103678e-02 -1.579548486701088175e-02 -3.943881351023710569e-02 2.287957854969049909e-01 -2.762094299480757909e-01 1.435607011658441012e-01 3.220996072968738688e-01
6.564261507295893194e-02 -1.000391500936494843e-01 6.710497669916919150e-02 -3.025532109829587313e-01 -5.148269651344752201e-02 3.147650003359497850e-01 2.192354203850870875e-01
-2.793113972944727963e-01 -1.454866285276642524e-01 1.570511187191080960e-01 1.241093121526715970e-01 1.441548158152085035e-01 7.171859756170530231e-02 1.818650608234160526e-01
1.189243388094862325e-01 -5.568743918507469692e-02 -2.195440977860579207e-02 5.364349393300207880e-02 6.311208288414932310e-02 -1.029098047149917469e-02 1.874847914355498579e-01
3.667750522878425457e-02 -2.307538954720367574e-01 -8.471470553401341808e-02 1.057761153242370300e-01 9.630828756420560521e-02 -4.464204414890286104e-02 2.123630772750219886e-01
-5.848968458914001163e-04 2.215180551411895793e-01 9.094195911573148272e-02 1.307418038225126034e-01 -7.615762599038274072e-02 3.381657040701083194e-02 1.988215285897857176e-01
2.310345727611606004e-01 -3.610691520326416576e-02 -1.290284494307288943e-03 2.794265881531848850e-02 1.897107679501991717e-01 -1.172245302041647896e-01 1.975713330786950384e-01
-1.001349404383479191e-01 1.500675727628368872e-01 -3.230742417730688709e-01 -8.356945643570649201e-03 1.919041004359376135e-01 1.637163324442854062e-01 1.675947149454915241e-01
